	mean	stddev	n
80	0.39878631578947366	0.25040921513298237	95
81	0.39340106382978723	0.2507297943679656	94
82	0.37767291666666664	0.24900239038343921	96
83	0.37067319587628866	0.25058635218035114	97
84	0.3573938144329896	0.24685852215659926	97
85	0.3380708333333333	0.24324883638675185	96
86	0.3241072916666667	0.23880908747797142	96
87	0.30511052631578944	0.23193985715013798	95
88	0.28189574468085105	0.2233339786132037	94
89	0.2616563829787234	0.21394433582076258	94
90	0.24069361702127656	0.20298633451991355	94
91	0.21779255319148935	0.18910435091596017	94
92	0.1910322580645161	0.17287996725630583	93
93	0.16753440860215055	0.16141372072398824	93
94	0.14540000000000003	0.143233592203379	94
95	0.11832340425531912	0.11881411018765525	94
96	0.09012473118279572	0.08910284928825592	93
97	0.06750752688172042	0.0616733968378008	93
98	0.047943010752688156	0.03529973333391536	93
99	0.0355945652173913	0.01735671871133111	92
